"Role","Company","Title","Location","Link","Date Posted","Added At"
"Nodejs Developer","Upthrust Inc.","Software Developer - React, Next.js, Webflow & AI Automation Intern","Gurugram, Haryana, India","[Apply](https://in.linkedin.com/jobs/view/software-developer-react-next-js-webflow-ai-automation-intern-at-upthrust-inc-4438795643?position=25&pageNum=0&refId=G7QeksAXu8PLgM4OxapXlg%3D%3D&trackingId=P%2BakK6BDr80euKvQiKMvOA%3D%3D)","2026-07-17","2026-07-27 02:03 PM IST"
